# Created by Octave 8.3.0, Tue Jun 24 21:10:10 2025 GMT <unknown@DESKTOP-9F4LLFV>
# name: Rinnmid
# type: matrix
# rows: 75
# columns: 1
 54.763513513513516
 52.043243243243246
 53.798998998998997
 53.958958958958959
 50.675075075075071
 50.900150150150154
 52.509909909909908
 50.797397397397397
 50.549099099099102
 50.298698698698701
 52.384684684684686
 52.362862862862869
 52.712112112112116
 52.195395395395394
 52.712112112112116
 52.195395395395394
 52.95265265265266
 49.559609609609609
 48.572822822822822
 51.741341341341339
 52.52057057057057
 52.230780780780783
 54.65705705705706
 53.72282282282282
 53.438888888888897
 53.081681681681687
 53.539639639639645
 53.331981981981983
 53.389939939939943
 53.496196196196195
 51.863713713713715
 52.083333333333336
 52.990090090090092
 51.863513513513517
 52.696996996997001
 50.405105105105108
 53.072522522522519
 53.003553553553559
 51.699499499499503
 52.019219219219224
 52.770270270270274
 51.716966966966964
 51.726126126126132
 53.863263263263264
 51.728478478478479
 53.824624624624626
 53.235385385385385
 52.423973973973972
 52.443293293293294
 51.313113113113111
 52.443293293293294
 51.313113113113111
 51.757457457457463
 52.501251251251247
 55.032582582582585
 55.279879879879886
 54.519669669669668
 54.278628628628631
 54.730330330330332
 51.442192192192195
 52.877977977977977
 52.655805805805805
 53.022872872872874
 53.457557557557564
 53.641091091091091
 53.612912912912918
 53.641091091091091
 53.612912912912918
 52.906956956956961
 53.129129129129126
 51.423873873873873
 52.275675675675679
 52.275675675675679
 49.13408408408408
 52.632882882882882


# name: Rinnrad
# type: matrix
# rows: 75
# columns: 1
 0.2932432432432428
 0.27677677677677792
 0.54574574574574441
 0.47987987987988134
 0.50810810810810736
 0.29254254254254519
 0.25405405405405546
 0.5175175175175184
 2.39884884884885
 0.65865865865865914
 1.6870870870870895
 0.26746746746746553
 0.53453453453453648
 0.37417417417417553
 0.53453453453453648
 0.37417417417417553
 0.34744744744744693
 0.97882882882882782
 0.7241741741741734
 0.74654654654654706
 0.39604604604604532
 0.35740740740740762
 0.51291291291290975
 1.3555555555555578
 0.24729729729729755
 0.29309309309309484
 0.23813813813813667
 0.20285285285285681
 0.31876876876876992
 0.25115115115115216
 0.28013013013013222
 0.26561561561561575
 0.18318318318318205
 0.15570570570570652
 0.29309309309309128
 0.73413413413413409
 0.35720720720720678
 0.29944944944945107
 0.30910910910910872
 0.65945945945945894
 0.8792792792792774
 0.35720720720720678
 0.43963963963964048
 0.57957957957957973
 0.31876876876876992
 1.7194194194194168
 0.35740740740740762
 0.31876876876876636
 0.41536536536536417
 1.835335335335337
 0.41536536536536417
 1.835335335335337
 0.32842842842842757
 0.45400400400400187
 0.33888888888888857
 0.42132132132131872
 2.6286786786786784
 0.49264264264264312
 0.60450450450450433
 0.28393393393393396
 0.65685685685685868
 0.31876876876876992
 0.29944944944944751
 0.36706706706706527
 0.29944944944944751
 0.31141141141140949
 0.29944944944944751
 0.31141141141140949
 3.216666666666665
 0.36706706706706527
 2.3172672672672689
 0.91591591591591737
 0.78768768768768638
 1.7310810810810828
 0.33888888888888857


# name: Routmid
# type: matrix
# rows: 75
# columns: 1
 54.6027027027027
 50.698898898898904
 53.243843843843848
 53.639039039039041
 50.797397397397397
 51.150900900900908
 52.434634634634634
 50.947947947947952
 50.055955955955952
 50.279879879879886
 52.774624624624622
 52.237487487487492
 53.193193193193196
 51.999399399399408
 53.193193193193196
 51.999399399399408
 52.890290290290295
 50.331531531531525
 48.437537537537537
 51.911011011011013
 52.510910910910908
 52.221121121121122
 54.318168168168171
 52.925975975975973
 53.365615615615617
 52.97177177177177
 53.448048048048051
 53.27402402402403
 53.245045045045046
 53.399599599599597
 52.163163163163162
 52.147447447447448
 52.935135135135134
 51.991741741741748
 52.61456456456456
 50.385785785785785
 52.916816816816819
 52.868318318318316
 51.863713713713715
 51.3506006006006
 52.065015015015021
 52.559609609609609
 51.890990990990993
 53.341641641641644
 52.781381381381379
 54.046796796796798
 53.148448448448448
 52.491591591591593
 52.501251251251247
 51.573923923923928
 52.501251251251247
 51.573923923923928
 51.815415415415416
 52.250100100100099
 54.840240240240242
 54.995945945945948
 54.089189189189192
 53.940540540540539
 54.098348348348352
 51.359759759759761
 53.119469469469465
 52.327377377377374
 52.916616616616615
 53.283683683683684
 53.544494494494494
 53.51216216216217
 53.544494494494494
 53.51216216216217
 53.05185185185185
 52.781381381381379
 52.861861861861868
 52.871021021021022
 52.770270270270274
 47.430480480480483
 52.458858858858861


# name: Routrad
# type: matrix
# rows: 75
# columns: 1
 0.90810810810810949
 2.1114114114114138
 1.8348348348348331
 1.5337337337337331
 1.9477477477477478
 1.2119619619619648
 0.79979979979979987
 1.9289289289289293
 3.6609609609609599
 8.6002002002002023
 3.4457957957957959
 0.84419419419419484
 2.0846846846846887
 1.1759759759759767
 2.0846846846846887
 1.1759759759759767
 1.3007007007007019
 3.7243243243243249
 2.2123123123123136
 1.7306306306306318
 1.0432432432432428
 1.0818818818818841
 1.6578078078078065
 3.0133633633633643
 0.76021021021021085
 0.89759759759759916
 0.75105105105104997
 0.62787787787787508
 1.0046046046046087
 0.79209209209209419
 1.294394394394395
 0.93423423423423557
 0.56786786786786791
 0.66861861861861982
 0.88843843843843828
 1.7001001001001015
 1.0990990990990994
 0.9949449449449439
 1.2460960960960961
 2.1157657657657687
 2.8301801801801822
 2.2073573573573562
 2.0516516516516532
 2.2796796796796777
 2.24104104104104
 2.9848348348348352
 1.0625625625625617
 0.88868868868868844
 1.1494994994995018
 3.564414414414415
 1.1494994994995018
 3.564414414414415
 1.2364364364364349
 1.4586086086086105
 1.062462462462463
 1.3280780780780788
 3.5171171171171167
 1.5841841841841848
 2.0424924924924959
 0.93423423423423202
 1.3620120120120127
 1.1881381381381395
 0.94664664664664855
 1.1591591591591595
 0.91766766766766494
 0.9617117117117111
 0.91766766766766494
 0.9617117117117111
 4.0570570570570581
 1.3523523523523515
 4.4879879879879887
 3.2148648648648646
 2.5645645645645629
 4.442192192192195
 1.0990990990990994


# name: BtIpInt
# type: matrix
# rows: 1
# columns: 75
 0.0018613636363636363 0.0023467048710601717 0.0027299999999999998 0.0027333333333333333 0.0026472491909385111 0.0026483870967741936 0.0034372093023255813 0.0026249999999999997 0.0023837209302325578 0.0023699421965317916 0.0038551401869158877 0.0037972350230414745 0.0037625570776255706 0.0037625570776255706 0.0037625570776255706 0.0037625570776255706 0.0027433333333333333 0.0028150684931506848 0.0030954773869346732 0.0030000000000000001 0.00282 0.0028893442622950818 0.0023455149501661128 0.0023691275167785236 0.0023499999999999997 0.0024788732394366198 0.0024394463667820067 0.0024529616724738674 0.0024529616724738674 0.0024444444444444444 0.0030873362445414847 0.0031052631578947368 0.0031466666666666665 0.0036307692307692304 0.0037068062827225129 0.0035939086294416241 0.0034999999999999996 0.0023898305084745762 0.0024912280701754387 0.0025454545454545456 0.0026936619718309859 0.0035312500000000001 0.003117241379310345 0.0021759259259259258 0.0030402684563758391 0.0031337792642140471 0.0031538461538461538 0.0023690773067331669 0.0023725 0.0023725 0.0023725 0.0023725 0.0023725 0.0023465346534653465 0.0024929577464788731 0.0027054794520547949 0.0026986301369863017 0.0023421926910299003 0.0023817567567567567 0.0024901960784313726 0.0034509803921568627 0.002387205387205387 0.0023466666666666666 0.0023466666666666666 0.0023466666666666666 0.0023466666666666666 0.0023466666666666666 0.0023466666666666666 0.0023737373737373734 0.0020317919075144505 0.0022931596091205209 0.0023838383838383839 0.0027104377104377104 0.0028048780487804881 0.0023499999999999997


