# Created by Octave 7.1.0, Mon Jun 16 21:26:27 2025 GMT <unknown@DESKTOP-8A3H2B3>
# name: X
# type: class
# classname: infsupdec
# length: 2
# name: dec
# type: cell
# rows: 1
# columns: 1
# name: <cell-element>
# type: uint8 matrix
# ndims: 2
 19 1
 16
 16
 16
 16
 16
 16
 16
 16
 16
 16
 16
 16
 16
 16
 16
 16
 16
 16
 16





# name: infsup
# type: cell
# rows: 1
# columns: 1
# name: <cell-element>
# type: class
# classname: infsup
# length: 2
# name: inf
# type: cell
# rows: 1
# columns: 1
# name: <cell-element>
# type: matrix
# rows: 19
# columns: 1
 48.587487487487486
 52.660360360360364
 52.605405405405406
 51.873373373373369
 51.602902902902905
 51.351751751751742
 51.351751751751742
 50.578978978978981
 50.791491491491485
 52.356356356356351
 52.055855855855853
 51.139239239239231
 51.969969969969966
 52.124524524524524
 52.626826826826829
 52.550450450450455
 52.626826826826829
 52.550450450450455
 51.359759759759761





# name: sup
# type: cell
# rows: 1
# columns: 1
# name: <cell-element>
# type: matrix
# rows: 19
# columns: 1
 52.810310310310321
 55.975975975975977
 54.125825825825828
 53.863263263263264
 53.380280280280282
 53.650750750750753
 53.650750750750753
 53.05185185185185
 53.708708708708713
 55.524724724724727
 56.140840840840852
 53.515515515515517
 53.863263263263264
 54.442842842842843
 54.462162162162159
 54.473873873873885
 54.462162162162159
 54.473873873873885
 53.55795795795796












